40,35
10,7
10,306
10,12
10,233
10,5
10,280
10,295
11,27
11,14
11,7
11,23
11,6
8,9
8,12
8,14
8,10
8,6
39,4
39,3
39,2
39,1
39,0
37,8
37,7
37,6
37,5
37,4
37,3
37,2
37,1
37,0
36,3
36,2
36,1
36,0
32,3
32,2
32,1
31,3
31,1
20,3
20,2
20,1
19,3
19,2
19,1
12,3
12,2
12,1
11,29
18,1
11,25
18,3
11,21
14,1
11,17
14,3
13,1
11,16
11,10
11,5
11,4
11,3
13,3
11,2
11,1
10,286
10,231
10,199
10,192
10,136
10,112
10,98
10,30
10,3
10,2
10,1
9,7
9,6
9,4
9,3
9,2
9,1
8,17
8,15
8,8
8,7
8,5
8,3
8,2
8,1
3,3
3,2
3,1
2,3
2,2
2,1
0,472
0,278
